x = [1 1; 110 30] \ [75; 4000]
P = [143 60] * x